a:0.200000 yawdd:0.050000 laspx:0.030000 laspy:0.030000---avg:0.701418 mseX:0.759076 mseY:1.198555 mseS:0.978815
a:0.400000 yawdd:0.050000 laspx:0.030000 laspy:0.030000---avg:0.701418 mseX:0.759087 mseY:1.198265 mseS:0.978676
a:0.600000 yawdd:0.050000 laspx:0.030000 laspy:0.030000---avg:0.701418 mseX:0.759061 mseY:1.198365 mseS:0.978713
a:0.800000 yawdd:0.050000 laspx:0.030000 laspy:0.030000---avg:0.701418 mseX:0.759085 mseY:1.198233 mseS:0.978659
