a:0.200000 yawdd:0.050000 laspx:0.030000 laspy:0.030000---avg:0.701418 mseX:0.745248 mseY:1.114668 mseS:0.929958
a:0.400000 yawdd:0.050000 laspx:0.030000 laspy:0.030000---avg:0.701418 mseX:0.745248 mseY:1.114668 mseS:0.929958
a:0.600000 yawdd:0.050000 laspx:0.030000 laspy:0.030000---avg:0.701418 mseX:0.745248 mseY:1.114668 mseS:0.929958
a:0.800000 yawdd:0.050000 laspx:0.030000 laspy:0.030000---avg:0.701418 mseX:0.745248 mseY:1.114668 mseS:0.929958
