a:0.200000 yawdd:0.050000 laspx:0.030000 laspy:0.030000---avg:0.658767 mseX:0.644818 mseY:1.016221 mseS:0.830520
a:0.400000 yawdd:0.050000 laspx:0.030000 laspy:0.030000---avg:0.650269 mseX:0.646661 mseY:1.003060 mseS:0.824860
a:0.600000 yawdd:0.050000 laspx:0.030000 laspy:0.030000---avg:0.665482 mseX:0.639358 mseY:1.116824 mseS:0.878091
a:0.800000 yawdd:0.050000 laspx:0.030000 laspy:0.030000---avg:0.661114 mseX:0.642926 mseY:1.037980 mseS:0.840453
