a:0.200000 yawdd:0.050000 laspx:0.030000 laspy:0.030000---avg:0.658767 mseX:0.739072 mseY:1.219812 mseS:0.979442
a:0.400000 yawdd:0.050000 laspx:0.030000 laspy:0.030000---avg:0.650269 mseX:0.725621 mseY:1.211653 mseS:0.968637
a:0.600000 yawdd:0.050000 laspx:0.030000 laspy:0.030000---avg:0.665482 mseX:0.733056 mseY:1.216781 mseS:0.974919
a:0.800000 yawdd:0.050000 laspx:0.030000 laspy:0.030000---avg:0.661114 mseX:0.736801 mseY:1.215889 mseS:0.976345
